
Success rate: 0.24
Average return: 82.08

Reward >= 0: 50/50 = 100.0%
Reward >= 1: 44/50 = 88.0%
Reward >= 2: 25/50 = 50.0%
Reward >= 3: 12/50 = 24.0%
Reward >= 4: 12/50 = 24.0%
[37, 6, 46, 17, 36, 1, 31, 226, 34, 0, 0, 36, 202, 96, 201, 0, 42, 18, 209, 36, 22, 235, 4, 257, 14, 142, 36, 224, 2, 36, 10, 4, 38, 39, 4, 0, 209, 295, 33, 229, 206, 97, 5, 0, 160, 0, 94, 13, 35, 387]

[1, 1, 2, 2, 1, 1, 2, 2, 1, 0, 0, 1, 4, 4, 2, 0, 1, 1, 4, 1, 2, 4, 1, 4, 1, 4, 1, 2, 1, 1, 1, 1, 2, 1, 2, 0, 2, 4, 2, 2, 4, 4, 1, 0, 4, 0, 4, 2, 1, 4]